铠甲（英文：Body Armour）指装备在铠甲槽中的护甲。

下表为所有铠甲的最高品质的数据。

注：游戏中的“十字弩效果”实际上是十字弩和精准射击的效果，不包括知觉和炮塔。

护甲	装甲类型	钝器抵抗	切割抵抗	切割抵抗效果	鱼叉抵抗	重量	沙尘暴	酸	气	燃烧	头部	胸部	腹部	左臂	右臂	左腿	右腿	潜行效果	十字弩效果	躲避技能效果	战斗速度效果	敏捷效果	攻击伤害效果	暗杀技能	拳头保护	近战攻击加成	近战防御加成	武术加成

白色金属夹克
	中	34.20	58.425	70	33.25	5.625		40				100	100	100	100			0.54	0.80	0.80		0.95						-5

刺客的破布
	轻	26.60	41.80	75		2.65					25	25	50		100			1.10	1.10	1.20	1.10	1.20		1.30	100	+8	-4	+6

大衣
	轻	26.60	41.80	60	33.25	7.4375		70			25	100	100	100	100	60	60			1.10							+5	

帝国武士盔甲
	重	61.75	81.25	90	85.50	20.25						100	85	85	85			0.2907	0.50	0.50	0.9353		0.85	0.50		-8		-10

防尘外衣
	轻	28.00	44.00	60	35.00	7.4375		80		80	25	100	100	100	100	60	60	1.10		1.10							+5	+4

防攻击夹克
	中	32.40	44.55	80		5.625						100	100	100	100			0.54	0.60	0.80		0.80						-10

非神圣胸甲
	重	53.20	81.25	95	85.50	19						100	100	25	25	40	40	0.2907	0.60	0.50	0.9552	0.70		0.50		-4	-2	-10

蜂巢囚犯枷锁
	重					20												0.24	0.6			0.6				-15	-15	

古代武士盔甲
	重	51.00	65.25	80	76.50	17.25						90	70	70	70			0.00	0.50	0.50	0.9259		0.85	0.50		-8		-10

局佣兵之甲
	重	59.50	73.75	80	76.50	20						100	70	90	90			0.2363	0.70	0.70	0.9653	0.80		0.70	50	-4		-7

雇佣兵皮革盔甲
	中	38.00	58.425	70	33.25	4.75						100	70	80	80			0.81	0.90	0.90								-4

贵族长袍
		2.85	3.80	60		2.25						100	100	100	100			0.70										

黑色金属夹克
	中	34.20	58.425	70	33.25	5.625		40				100	100	100	100				0.80	0.80		0.90						-5

黑色破布衬衫
		2.85	3.80	80		1					25	10			95			1.10										

护心镜
	轻	39.90	65.00		85.50	3.75						50															+2	

金属夹克
	中	34.20	57.475	70	33.25	5.625		40				100	100	100	100			0.72	0.80	0.80		0.90		0.80				-5

军用衣
						1																						+2

流浪汉的皮夹克
	轻	33.00	44.00	70	35.00	4.5625						100	100	90	25				1.10								+5	

破布衬衫
		2.85	3.80	80		1					25	10			95													

染色长袍
		2.85	3.80	60		2.25						100	100	100	100													

染色破布衬衫
		2.85	3.80	80		1					25	10			95													

人皮
						1																						

人皮套装
						1																						

忍者军用衬衫
						1												1.10										

忍者破布
	轻	26.60	41.80	50	33.25	5.25					50	100	100	60	60			1.30	1.10	1.20		1.10		1.10		+4		+4

僧袍
		2.85	3.80	60		2.25						100	100	100	100													+6

商人的皮革
	轻	26.60	41.80	50	33.25	3.875						100	100	10	50													

神圣仆人破布
		2.85	3.80	80		1					25	10			95			1.10										

神圣胸甲
	重	53.20	81.25	95	85.50	19						100	100	25	25	40	40	0.2907	0.60	0.50	0.9552	0.70		0.50		-4	-2	-10

武士盔甲
	重	61.75	81.25	90	85.50	20.25						100	85	85	85			0.2907	0.50	0.60	0.9353		0.85	0.50		-8		-10

无袖大衣
	轻	26.60	41.80	60	33.25	4.625		60				100	100			60	60			1.10			1.05					+4

无袖防尘外衣
	轻	28.00	44.00	60	35.00	4.9375		60		60	25	100	100			60	60	1.10		1.10			1.05					+6

蟹型盔甲
	重	66.50	90.00	90	102.60	21.5		50		50		100	100	90	90			0.00	0.30	0.25	0.94525	0.50		0.20	90	-10		-10

沼泽忍者破布
	轻	26.60	41.80	50	33.25	5.4375	20		20		50	90	90	80	80			1.20										

征兵皮革盔甲
	中	41.40	53.55	70	31.50	4.75						100	70	80	80			0.81	0.90	0.90								-4

装甲布
	中	51.30	73.125	90	85.50	15.75						90	20	80	80				0.80		0.98	0.90					-5	+4

装甲布（彩色）
	中	51.30	73.125	90	85.50	15.75						90	20	80	80				0.80		0.98	0.90					-5	+4
相关页面
分类:铠甲
折叠
装备


武器	
钝器 · 砍刀 · 重型武器 · 武士刀 · 长柄刀 · 军刀 · 弩


制造者	
未知 · 古人 · 开顿废品大师 · 骨人铁匠 · 刃行者 · 十字 · 自制


护甲	
按装甲类型	
衣物 · 轻甲 · 中甲 · 重甲


按装备槽位	
头盔 · 衬衫 · 铠甲 · 裤子 · 鞋子


其他	
假肢 · 背包 · 腰带